sample2021 <- list(sample2021a = c(-0.1724524, 0.2583439 ,-2.303183 ,-1.934328 ,7.235596,
0.1532405 ,-2.763352 ,4.07817 ,-3.168922 ,-0.8830236,
-0.3932931 ,-3.841176 ,0.5243179 ,1.797852 ,-1.110464,
0.509009 ,3.177237 ,-3.614856 ,-5.376697 ,4.734775,
-3.246312 ,-2.005379 ,-2.445912 ,-3.621575 ,5.895576,
3.949693 ,-1.248486 ,-0.4900768 ,-2.864139 ,-1.097966,
-0.7926707 ,-4.393624 ,9.636054 ,-0.1804423 ,-4.842324,
-1.111864 ,-1.104005 ,2.505247 ,1.715678 ,-3.920277,
0.1937864 ,0.6693644 ,6.367812 ,-2.244821 ,0.41317,
-0.6416306 ,-0.7202665 ,1.912319 ,-4.133481 ,-1.844032,
-3.911486 ,4.435262 ,-2.025205 ,1.110326 ,0.6783627,
-3.966084 ,-2.469722 ,0.03367865 ,1.49453 ,-2.814566,
-4.213384 ,5.023984 ,0.1266437 ,-2.823606 ,2.978199,
1.140236 ,-2.617975 ,5.117376 ,-3.031471 ,-4.342401),
sample2021b = c(4.8487630,  5.8005440,  3.0384080,  5.8020930,  0.9110521,  3.2519700,  2.5417080,  4.3209220,  0.9400614,  3.9111670,  1.0369200,  3.5041240,  3.4168960,  6.2224560,
6.4214910,  4.5356530,  1.4657960,  4.4567390,  7.1048970,  1.7461560,  5.1074090,  4.8497200, 10.7591400,  3.6802430,  6.1655660,  3.0601650,  2.9834480,  3.0545350,
2.3886070,  3.4567410,  1.7520370,  1.3121090,  1.7546780,  2.1587300,  3.6024280,  3.0029740,  1.1548290,  3.4659160,  3.7704480,  3.0592570,  3.8132930,  3.1090510,
1.7308150,  1.8718090,  1.8498670,  2.6740700,  4.5334010,  2.1440400,  1.5003320,  2.9025360,  1.5356380,  6.2119960,  5.4366800,  4.8549320,  4.7356860,  3.3963390,
3.7847890,  6.2310050,  4.8022430,  2.5249880,  1.8349120,  1.9372470,  3.1259850,  6.8666650,  2.0321790,  3.5436360,  1.3829560,  2.9617570,  2.8660180,  3.0023960,
2.9175760,  3.8167960,  4.2159220,  1.1323140,  2.5555190,  3.3373460,  4.3239010,  2.3027990,  3.6713380,  4.1875810))